2 0 39
3 0 43
4 0 49
5 0 54
6 0 50
7 0 50
8 0 52
9 0 53
10 0 54
11 0 57
12 0 54
13 0 54
14 0 53
15 0 50
16 0 54
17 0 54
18 0 58
19 0 54
20 0 51
21 0 44
22 0 44
23 0 35
24 0 32
1 1 38
2 1 39
3 1 46
4 1 49
5 1 52
6 1 50
7 1 52
8 1 48
9 1 54
10 1 55
11 1 54
12 1 56
13 1 57
14 1 49
15 1 52
16 1 50
17 1 50
18 1 50
19 1 47
20 1 52
21 1 45
24 1 32
0 2 33
1 2 37
2 2 50
3 2 51
4 2 49
5 2 55
6 2 58
7 2 57
8 2 63
9 2 61
10 2 66
11 2 65
12 2 58
13 2 49
14 2 47
15 2 46
16 2 50
17 2 50
18 2 52
19 2 55
20 2 50
21 2 47
22 2 42
23 2 46
24 2 38
0 3 38
1 3 42
2 3 46
3 3 53
4 3 53
5 3 62
6 3 59
7 3 66
8 3 62
9 3 54
10 3 58
11 3 59
12 3 55
13 3 50
14 3 50
15 3 46
16 3 48
17 3 45
18 3 51
19 3 54
20 3 58
21 3 57
22 3 53
23 3 43
24 3 44
0 4 43
1 4 44
2 4 49
3 4 54
4 4 56
5 4 56
6 4 63
7 4 65
8 4 60
9 4 54
10 4 51
11 4 50
12 4 50
13 4 50
14 4 50
15 4 48
16 4 45
17 4 50
18 4 54
19 4 51
20 4 54
21 4 54
22 4 54
23 4 53
24 4 43
0 5 39
1 5 38
2 5 42
3 5 50
4 5 56
5 5 60
6 5 58
7 5 60
8 5 56
9 5 54
10 5 49
11 5 50
12 5 56
13 5 50
14 5 50
15 5 44
16 5 43
17 5 42
18 5 38
19 5 43
20 5 45
21 5 51
22 5 46
23 5 40
24 5 42
0 6 40
1 6 40
2 6 44
3 6 50
4 6 50
5 6 54
6 6 57
7 6 62
8 6 51
9 6 54
10 6 53
11 6 54
12 6 48
13 6 46
14 6 40
15 6 39
16 6 34
17 6 36
18 6 40
19 6 38
20 6 44
21 6 51
22 6 50
23 6 46
24 6 50
0 7 39
1 7 36
2 7 42
3 7 46
4 7 44
5 7 43
6 7 48
7 7 41
8 7 50
9 7 55
10 7 57
11 7 49
12 7 46
13 7 41
14 7 40
15 7 38
16 7 39
17 7 42
18 7 40
19 7 36
20 7 37
21 7 33
22 7 39
23 7 44
24 7 42
0 8 35
1 8 36
2 8 41
3 8 46
4 8 44
5 8 46
6 8 46
7 8 47
8 8 54
9 8 56
10 8 53
11 8 47
12 8 45
13 8 42
14 8 42
15 8 38
16 8 41
17 8 46
18 8 43
19 8 39
20 8 36
21 8 38
22 8 34
0 9 44
1 9 42
2 9 46
3 9 46
4 9 41
5 9 46
6 9 45
7 9 51
8 9 59
9 9 58
10 9 50
11 9 51
12 9 47
13 9 50
14 9 53
15 9 44
16 9 39
17 9 47
18 9 42
19 9 41
20 9 42
21 9 42
22 9 40
24 9 31
0 10 49
1 10 48
2 10 47
3 10 54
4 10 42
5 10 44
6 10 53
7 10 50
8 10 54
9 10 54
10 10 50
11 10 53
12 10 50
13 10 49
14 10 54
15 10 51
16 10 48
17 10 43
18 10 41
19 10 43
20 10 41
21 10 37
22 10 37
23 10 34
24 10 31
0 11 54
1 11 54
2 11 55
3 11 54
4 11 41
5 11 56
6 11 54
7 11 58
8 11 54
9 11 53
10 11 52
11 11 50
12 11 57
13 11 57
14 11 56
15 11 54
16 11 55
17 11 51
18 11 53
19 11 45
23 11 31
0 12 50
1 12 48
2 12 45
3 12 44
4 12 46
5 12 58
6 12 55
7 12 57
8 12 54
9 12 58
10 12 58
11 12 59
12 12 60
13 12 51
14 12 54
15 12 51
16 12 49
17 12 51
18 12 51
19 12 43
20 12 46
21 12 35
22 12 34
23 12 32
24 12 32
0 13 46
1 13 42
2 13 46
3 13 45
4 13 43
5 13 54
6 13 54
7 13 53
8 13 56
9 13 53
10 13 50
11 13 57
12 13 59
13 13 56
14 13 50
15 13 54
16 13 56
17 13 49
18 13 46
19 13 50
20 13 48
21 13 41
22 13 40
23 13 34
0 14 40
1 14 38
2 14 38
3 14 45
4 14 38
5 14 49
6 14 52
7 14 53
8 14 49
9 14 45
10 14 46
11 14 52
12 14 63
13 14 57
14 14 50
15 14 55
16 14 51
17 14 54
18 14 43
19 14 44
20 14 38
21 14 39
22 14 35
23 14 32
0 15 34
1 15 34
3 15 34
5 15 42
6 15 43
7 15 39
8 15 39
9 15 46
10 15 53
11 15 54
12 15 64
13 15 58
14 15 57
15 15 52
16 15 38
17 15 40
18 15 36
19 15 44
20 15 35
21 15 38
22 15 34
23 15 31
0 16 34
1 16 37
2 16 44
3 16 36
4 16 39
5 16 43
6 16 40
7 16 44
8 16 54
9 16 50
10 16 50
11 16 51
12 16 59
13 16 54
14 16 49
15 16 43
16 16 46
17 16 47
18 16 38
19 16 46
20 16 46
21 16 45
22 16 39
23 16 31
24 16 34
0 17 32
1 17 38
2 17 44
3 17 40
4 17 45
5 17 46
6 17 46
7 17 68
8 17 53
9 17 39
10 17 42
11 17 42
12 17 36
13 17 38
14 17 36
15 17 37
16 17 42
17 17 42
18 17 40
19 17 49
20 17 48
21 17 44
22 17 34
1 18 31
2 18 48
3 18 42
4 18 50
5 18 49
6 18 54
7 18 54
8 18 46
9 18 42
10 18 46
11 18 39
12 18 37
13 18 33
14 18 34
15 18 36
16 18 42
17 18 44
18 18 42
19 18 38
20 18 38
21 18 36
22 18 30
23 18 31
 