0 0 40
0 0 40
0 0 40
1 0 40
1 0 40
1 0 40
1 0 40
1 0 40
2 0 40
2 0 40
2 0 40
2 0 40
2 0 40
3 0 40
3 0 40
3 0 40
3 0 40
3 0 40
4 0 40
4 0 40
4 0 40
4 0 40
4 0 40
0 0 40
0 0 40
0 0 40
0 0 40
1 0 40
1 0 40
1 0 40
1 0 40
1 0 40
2 0 40
2 0 40
2 0 40
2 0 40
2 0 40
3 0 40
3 0 40
3 0 40
3 0 40
3 0 40
4 0 40
4 0 40
4 0 40
0 0 40
0 0 40
0 0 40
0 0 40
0 0 40
1 0 40
1 0 40
1 0 40
1 0 40
1 0 40
2 0 40
2 0 40
2 0 40
2 0 40
2 0 40
3 0 40
3 0 40
3 0 40
3 0 40
3 0 40
4 0 40
4 0 40
4 0 40
4 0 40
4 0 40
5 0 40
0 0 40
0 0 40
0 0 40
0 0 40
0 0 40
1 0 40
1 0 40
1 0 40
1 0 40
1 0 40
2 0 40
2 0 40
2 0 40
2 0 40
2 0 40
3 0 40
3 0 40
3 0 40
3 0 40
3 0 40
4 0 40
4 0 40
4 0 40
4 0 40
4 0 40
5 0 40
0 0 40
0 0 40
0 0 40
0 0 40
0 0 40
1 0 40
1 0 40
1 0 40
1 0 40
1 0 40
2 0 40
2 0 40
2 0 40
2 0 40
2 0 40
3 0 40
3 0 40
3 0 40
3 0 40
3 0 40
4 0 40
4 0 40
4 0 40
4 0 40
4 0 40
5 0 40
0 1 40
0 1 40
0 1 40
0 1 40
0 1 40
1 1 40
1 1 40
1 1 40
1 1 40
1 1 40
2 1 40
2 1 40
2 1 40
2 1 40
2 1 40
3 1 40
3 1 40
3 1 40
3 1 40
3 1 40
4 1 40
4 1 40
4 1 40
4 1 40
4 1 40
5 1 40
0 1 40
0 1 40
0 1 40
0 1 40
0 1 40
1 1 40
1 1 40
1 1 40
1 1 40
1 1 40
2 1 40
2 1 40
2 1 40
2 1 40
2 1 40
3 1 40
3 1 40
3 1 40
3 1 40
3 1 40
4 1 40
4 1 40
4 1 40
4 1 40
4 1 40
5 1 40
0 1 40
0 1 40
0 1 40
0 1 40
0 1 40
1 1 40
1 1 40
1 1 40
1 1 40
1 1 40
2 1 40
2 1 40
2 1 40
2 1 40
2 1 40
3 1 40
3 1 40
3 1 40
3 1 40
3 1 40
4 1 40
4 1 40
4 1 40
4 1 40
4 1 40
5 1 40
0 1 40
0 1 40
0 1 40
0 1 40
0 1 40
1 1 40
1 1 40
1 1 40
1 1 40
1 1 40
2 1 40
2 1 40
2 1 40
2 1 40
2 1 40
3 1 40
3 1 40
3 1 40
3 1 40
3 1 40
4 1 40
4 1 40
4 1 40
5 1 40
0 1 40
0 1 40
0 1 40
0 1 40
0 1 40
1 1 40
1 1 40
1 1 40
1 1 40
1 1 40
2 1 40
2 1 40
2 1 40
2 1 40
2 1 40
3 1 40
3 1 40
3 1 40
3 1 40
3 1 40
4 1 40
4 1 40
4 1 40
4 1 40
5 1 40
0 2 40
0 2 40
0 2 40
0 2 40
0 2 40
1 2 40
1 2 40
1 2 40
1 2 40
1 2 40
2 2 40
2 2 40
2 2 40
2 2 40
2 2 40
3 2 40
3 2 40
3 2 40
3 2 40
3 2 40
4 2 40
4 2 40
4 2 40
4 2 40
4 2 40
5 2 40
0 2 40
0 2 40
0 2 40
0 2 40
0 2 40
1 2 40
1 2 40
1 2 40
1 2 40
1 2 40
2 2 40
2 2 40
2 2 40
2 2 40
2 2 40
3 2 40
3 2 40
3 2 40
3 2 40
3 2 40
4 2 40
5 2 40
0 2 40
0 2 40
0 2 40
0 2 40
0 2 40
1 2 40
1 2 40
1 2 40
1 2 40
1 2 40
2 2 40
2 2 40
2 2 40
2 2 40
2 2 40
3 2 40
3 2 40
3 2 40
3 2 40
3 2 40
4 2 40
4 2 40
4 2 40
4 2 40
4 2 40
5 2 40
0 2 40
0 2 40
0 2 40
0 2 40
0 2 40
1 2 40
1 2 40
1 2 40
1 2 40
1 2 40
2 2 40
2 2 40
2 2 40
2 2 40
2 2 40
3 2 40
3 2 40
3 2 40
3 2 40
3 2 40
4 2 40
4 2 40
4 2 40
4 2 40
5 2 40
0 2 40
0 2 40
0 2 40
0 2 40
0 2 40
1 2 40
1 2 40
1 2 40
1 2 40
1 2 40
2 2 40
2 2 40
2 2 40
2 2 40
2 2 40
3 2 40
3 2 40
3 2 40
3 2 40
3 2 40
4 2 40
4 2 40
4 2 40
4 2 40
0 3 40
0 3 40
0 3 40
1 3 40
1 3 40
1 3 40
1 3 40
1 3 40
2 3 40
2 3 40
2 3 40
2 3 40
2 3 40
3 3 40
3 3 40
3 3 40
3 3 40
3 3 40
4 3 40
4 3 40
4 3 40
4 3 40
0 3 40
0 3 40
0 3 40
0 3 40
0 3 40
1 3 40
1 3 40
1 3 40
1 3 40
1 3 40
2 3 40
2 3 40
2 3 40
2 3 40
2 3 40
3 3 40
3 3 40
3 3 40
3 3 40
3 3 40
4 3 40
4 3 40
4 3 40
4 3 40
4 3 40
5 3 40
0 3 40
0 3 40
0 3 40
0 3 40
0 3 40
1 3 40
1 3 40
1 3 40
1 3 40
1 3 40
2 3 40
2 3 40
2 3 40
2 3 40
2 3 40
3 3 40
3 3 40
3 3 40
3 3 40
3 3 40
4 3 40
4 3 40
4 3 40
0 3 40
0 3 40
0 3 40
0 3 40
1 3 40
1 3 40
1 3 40
1 3 40
1 3 40
2 3 40
2 3 40
2 3 40
2 3 40
2 3 40
3 3 40
3 3 40
3 3 40
3 3 40
3 3 40
4 3 40
4 3 40
4 3 40
4 3 40
 