2 0 0
3 0 0
4 0 10
5 0 11
6 0 11
7 0 10
8 0 11
9 0 11
10 0 11
11 0 11
12 0 11
13 0 11
14 0 11
15 0 10
16 0 11
17 0 11
18 0 12
19 0 11
20 0 11
21 0 0
22 0 0
23 0 0
24 0 0
1 1 0
2 1 0
3 1 10
4 1 10
5 1 11
6 1 11
7 1 11
8 1 10
9 1 11
10 1 11
11 1 11
12 1 11
13 1 11
14 1 10
15 1 11
16 1 10
17 1 10
18 1 10
19 1 10
20 1 11
21 1 0
24 1 0
0 2 0
1 2 0
2 2 10
3 2 11
4 2 10
5 2 11
6 2 12
7 2 11
8 2 13
9 2 12
10 2 14
11 2 13
12 2 11
13 2 10
14 2 10
15 2 10
16 2 11
17 2 10
18 2 11
19 2 11
20 2 10
21 2 10
22 2 0
23 2 10
24 2 0
0 3 0
1 3 0
2 3 0
3 3 11
4 3 11
5 3 13
6 3 12
7 3 14
8 3 13
9 3 11
10 3 11
11 3 12
12 3 11
13 3 11
14 3 10
15 3 10
16 3 10
17 3 0
18 3 11
19 3 11
20 3 11
21 3 11
22 3 11
23 3 0
24 3 0
0 4 0
1 4 0
2 4 10
3 4 11
4 4 11
5 4 11
6 4 13
7 4 13
8 4 12
9 4 11
10 4 11
11 4 11
12 4 11
13 4 11
14 4 11
15 4 10
16 4 0
17 4 11
18 4 11
19 4 11
20 4 11
21 4 11
22 4 11
23 4 11
24 4 0
0 5 0
1 5 0
2 5 0
3 5 11
4 5 11
5 5 12
6 5 11
7 5 12
8 5 11
9 5 11
10 5 10
11 5 10
12 5 11
13 5 11
14 5 11
15 5 0
16 5 0
17 5 0
18 5 0
19 5 0
20 5 0
21 5 11
22 5 0
23 5 0
24 5 0
0 6 0
1 6 0
2 6 0
3 6 11
4 6 11
5 6 11
6 6 11
7 6 12
8 6 11
9 6 11
10 6 11
11 6 11
12 6 10
13 6 10
14 6 0
15 6 0
16 6 0
17 6 0
18 6 0
19 6 0
20 6 0
21 6 11
22 6 11
23 6 10
24 6 10
0 7 0
1 7 0
2 7 0
3 7 0
4 7 0
5 7 0
6 7 10
7 7 0
8 7 10
9 7 11
10 7 11
11 7 10
12 7 0
13 7 0
14 7 0
15 7 0
16 7 0
17 7 0
18 7 0
19 7 0
20 7 0
21 7 0
22 7 0
23 7 0
24 7 0
0 8 0
1 8 0
2 8 0
3 8 10
4 8 0
5 8 0
6 8 0
7 8 10
8 8 11
9 8 11
10 8 11
11 8 10
12 8 0
13 8 0
14 8 0
15 8 0
16 8 0
17 8 0
18 8 0
19 8 0
20 8 0
21 8 0
22 8 0
0 9 0
1 9 0
2 9 10
3 9 0
4 9 0
5 9 10
6 9 0
7 9 11
8 9 12
9 9 12
10 9 11
11 9 11
12 9 10
13 9 10
14 9 11
15 9 0
16 9 0
17 9 10
18 9 0
19 9 0
20 9 0
21 9 0
22 9 0
24 9 0
0 10 10
1 10 10
2 10 10
3 10 11
4 10 0
5 10 0
6 10 11
7 10 11
8 10 11
9 10 11
10 10 11
11 10 11
12 10 10
13 10 10
14 10 11
15 10 11
16 10 10
17 10 0
18 10 0
19 10 0
20 10 0
21 10 0
22 10 0
23 10 0
24 10 0
0 11 11
1 11 11
2 11 11
3 11 11
4 11 0
5 11 11
6 11 11
7 11 11
8 11 11
9 11 11
10 11 11
11 11 11
12 11 11
13 11 11
14 11 11
15 11 11
16 11 11
17 11 11
18 11 11
19 11 0
23 11 0
0 12 11
1 12 10
2 12 0
3 12 0
4 12 0
5 12 12
6 12 11
7 12 11
8 12 11
9 12 12
10 12 12
11 12 12
12 12 12
13 12 11
14 12 11
15 12 11
16 12 10
17 12 11
18 12 11
19 12 0
20 12 10
21 12 0
22 12 0
23 12 0
24 12 0
0 13 0
1 13 0
2 13 0
3 13 0
4 13 0
5 13 11
6 13 11
7 13 11
8 13 11
9 13 11
10 13 11
11 13 11
12 13 12
13 13 11
14 13 11
15 13 11
16 13 11
17 13 10
18 13 10
19 13 10
20 13 10
21 13 0
22 13 0
23 13 0
0 14 0
1 14 0
2 14 0
3 14 0
4 14 0
5 14 10
6 14 11
7 14 11
8 14 10
9 14 0
10 14 0
11 14 11
12 14 13
13 14 11
14 14 10
15 14 11
16 14 11
17 14 11
18 14 0
19 14 0
20 14 0
21 14 0
22 14 0
23 14 0
0 15 0
1 15 0
3 15 0
5 15 0
6 15 0
7 15 0
8 15 0
9 15 0
10 15 11
11 15 11
12 15 13
13 15 11
14 15 11
15 15 11
16 15 0
17 15 0
18 15 0
19 15 0
20 15 0
21 15 0
22 15 0
23 15 0
0 16 0
1 16 0
2 16 0
3 16 0
4 16 0
5 16 0
6 16 0
7 16 0
8 16 11
9 16 11
10 16 10
11 16 11
12 16 12
13 16 11
14 16 10
15 16 0
16 16 10
17 16 10
18 16 0
19 16 0
20 16 0
21 16 0
22 16 0
23 16 0
24 16 0
0 17 0
1 17 0
2 17 0
3 17 0
4 17 0
5 17 0
6 17 0
7 17 14
8 17 11
9 17 0
10 17 0
11 17 0
12 17 0
13 17 0
14 17 0
15 17 0
16 17 0
17 17 0
18 17 0
19 17 10
20 17 10
21 17 0
22 17 0
1 18 0
2 18 10
3 18 0
4 18 11
5 18 10
6 18 11
7 18 11
8 18 10
9 18 0
10 18 10
11 18 0
12 18 0
13 18 0
14 18 0
15 18 0
16 18 0
17 18 0
18 18 0
19 18 0
20 18 0
21 18 0
22 18 0
23 18 0
 